,07-

00000000 0000101000οιιο 0000301Ῑο0 mit 000 03000000 10010

00000000ῐί00, 00 [000000 0000 000 0000000000 0000000000ηο 000 ’

0000000 (00010 1, 0000 0000οεοἰ0000) 0000000οη jein Ῑο000 000 0000
100 &ubre 001100 0000000000 010 0000000οῑ1οῧ00οε 000 0000001000
00000000. 000 000 800000 000 00000000 ist 00 ficher, 000 {ie 00
000 00οῐ0000000 0000 00000 000 0οῙ000 00000 00000 0000000000
0000000000 0000 00000000 [melle unter 000 0300000000ἰο 0001εο00
(um 1050) bie 0000000000ώο (01000000 010 eine &abt 000 300001.
000 000 aber 0000000100000000000000 0000000000 00000, 000010
bie 0000100000 000 000100 000010 (000-9620 000ῒί 000 wethi,
⁸ 0. ἰ. 0000 ,0000000 000 0001Ιί0002).

0000 000000 0000 00000, 00 mir 00 00000 01000000, &saniem ’

000 0000000 00 0ῐο0 00000 300 0000 0000000 00010000 00000
0001000οΙ00 03010000, 0100000000 0. 000, 000 000000 000000 000
000 00000101000000000000000 000 (0000000, mik 00000 000 1000000
nunt] 00000 010000000οη0 0000000000, 000 000 00000 {ie 0000000,
0000 000 hei 00. 0000 000000 (03. 361m367 0000100100 000000 00
0000100, 010 00000000 0000000000 0010 0000 0000000 00000 in
001000 0000100000 0000000000 00000. 000000 00000 00010οὲ0000 01οε
000 00, 0000000 0000006107--110000010 000000010000000000000
00 bem 0001000 000000, 0οΒ 000000 in 00000 000000 00000 0000000
00 000 01000000 000 0000000000 00000 00000000 00000 000οῙ00
0010οἱ00 §ein 000000. 00000000 ist in 000 0000000000 (0000000 000
{stiffi 0000000000, 000 0οῙ 000 0000000000 01000 00000 Qum&
0000000 1000 000 0000000 &age 000 0000000 000 (0000000 jo
000100000000000000 000 000 0000000000 300 001000, 000 [ie
000 000 gest 000 010000000οιιο nicht eine eine 00000 0000101.
0100 0000000 000 0100000οϊ000000000000000000010010000
[0000000000. minuat 000, 0ἰο 000000 00000 0000100, 0000 01000,
000 0100100000οἰ ihrer 000 000 0000000000 0000001000000000
00001104 00000100 0000000000οη0 000000 000000000οῒ0 01000οἱοε
00000 in (0000001000 00000000, 000 000 000001 000000 0000010000,
00 000000 0000010000 &eit 000 0000000001 000000000001100 000000
01000000000000 0000 0000000100 §seben 00000οῙ000, 000100 000 000
000 10000 0000 0000000 000 00000 000 01000000 000 00000000 0000010
000000 01010000οῐ {chon 000 01000000 000 0000100000 000000000οε

¹) 000 00000 ,00000100 000 000000οᾒ 0000000 01Ῑο 0100 00 000 0010000
0000000001010000100. §maner 0. 379.
2) 000000οΙ 0. 0. 10. Θ. 04 f.

5*

 

