*49-

9000οἱ0 0000000 800000 909000, 00 00090000 0ἰο 900 000 90000
00009009οε0 00000 0000900000 00 0000, 090 0000 0990900 0905
0000000090 9090000000 0000000 0000000900 000 000 000090000000000 ’
0000000000000 90000 000000 {ein 0000. 0000090000 000 0000 0000000
000 0000 00000000 000 00090 0009000900 000 0000000000 000 000000.
000000, 000 000000000 00900000, 0000 000 000οε00000, 000 009900009εο
000 0009090 0000οε0οε000 Ι. (12. 00009000, 00 2000 0. 000.) 90
0000 00000 000000 000 90000 00 09090 00000 (09000000000900, 000
00 in 000000 00000 000000 in 0000 000090 9000000000 0000001).
0000 000 900 000000 009000οη9 9000 0000 900900 000000000, 00 000
0900000 in 0000090 000000 einen 00000000 00000 0000 einen 0000 90
000 9000900900 00000000 9090000000 0902), 00 00000 090 090
00000 00 0000 0000000000 90 090 0000000, 090 000 00000000 0000

, 000 0900000000 000 00000000 00000000 000οε ,00000 900 ein {them

000900 09009 000 099090 090 im 80000 00000 900900 9090000000
0000000 8000000 000 09000 90000000, 000 00 in 000 09900 000000
000000 9000 00909000 009000900900000 000 00000000900 90900090
09000, 000 000 0000 000009000009 0000- 9000000 000 jein
00000 9000990 900 §einen 00900 00009000 0000000)
00000000 00 000 0000 0900 000 0000009 00 00 0900 00900
0000000000)ἰο 00000090 00οι000, 0000 000 00000000 0000000000
90 009000 000 00000 000 000 eine 000900 090 00000900ιο 900 90000 09000
00000, 00ίο 00 0000000 00οι 00099000 90 00000000 &t 0000 9000 000 000
0000000, 00 00009000 900 000000 0000 9000900 99000 0090990000 9000,
090 0000000 0009000090οε 000 0009000000 00090900 00000 0090
00090 0000909000οε 000900 0090 900 00009000 000 00οἰ00, 000 ollem

0090000000οη 9000000000 0090000 00000οἰ0000 00900900.

09000 000 090 in 00000 00000000 0000000οί0, 000000 0οῖ000000 000900οε0 090
0000000000 0οῑ „in Agh. (0. ἰ. 10000 000900οῐ, 0000 000 000000) XV1, 51 (0000
000 0100000000900090000 00 0000090000, 090011 ρ.) 030-630) ev ent the
thies vho has surr eptit isou sly shar ed the ev enh mrg drgau ht of an unwit 009
hosti 1sssae ¹¹11( ,00990 000 0000, 000 0000 00000000 000 (0900900000 000

0000000 000 0000000000 000000,0 ist wer)
' 1)00. 00000οΙ, 008 090, 0000900 0000 0000. 00000000 00000000 0000
900000000οε0 000000 0000 000. 00090, 009000 00 000 09000. 00000 im 0000000000,
000009001880, 0. 404- 407 0009000000 0000 00 civ 000000, 0000. 180 00 0090
00ίο 000000 0000 9090090000.) ’.

²) 090 00009000 000000 00000 0090 000000 9090 0900000009 000 90 ,0 00000οἰ00
90090090 {cin 000009 90090 0000 0000000 0000900 000 0090 000009, 000909 9 Ρ
(si. 496 0000. .

·”) 090900 9. 9. Q. Ξ. 319. 4

 

