..(11.-

1111111111 11111111111111111111111111 11111111111111111, 11 11111
111 1111 1111111111, 11111111111111111111111111111111111111111111111
11114 1111111111111111111111111111311111111111

11111 111111 1111111111, 1111111111111111111111, 1111 11111111
1111111111 1111111111111111111111,111111111111111111111111111
1111111111111 111 1113111 11111111 8111-7201. 111. 1111111 1111111,
1111111111 1111111111 1111111111111 1111111111111111111111 1111111111
11111111, 11111111111111501111111111ι·11111·1)111111111111
1111111) 1111111 111111111111111 111 11111111111111 11111
1111111111111 11111 1111111111111111’1111111111111111 1111111111 1111
111111111111111111111 111111111111111111, 11111111 111111111111111 1111
1111111111111111111111111111 1111111111 111111 21 1111111111 1111111111
11111 3111 1111111111, 11111111 1111111 11111111) 1111 oben 11111111
1111111111 11 111 1111111111 11111 111 1111111111 111 1111111111 111 Ι. 1111,
1111111111 1111 11111 1111 11111111111, 11111 1111111111111111111

11 111. 111111, 1111111. 11111111111111111111, 3. 111111, 1111111111 1898, (ἐ. 11,
111. 11111111111111111 ,11111 1111111111 111 1111111111111111111“ (11111111.
1. 1111111111111. 11. 1111. 1111111 1, 111. 1111. 11111. 1. 11111. 1884, 611111111111111
Θ. 1611, 29-381, 111111 „homer 1111 1111111111“ 111111111111111. 1111111111.
11111111. 111. 1111. 11111. 1. 11111. 17. 111, 118861, Θ. 171-177).

⁴²) 1111 1111111111 111111, 1111 111. 111111 111 111 1111111111 11-111111111111
1111111111 111 111 1111111111 1111111111111111 11111111, [1111111111111111111111
111 111111 11111111 11111111 1111111111 11111111111111 111111 1113111111111

’ 1111111111 1111111 11111111, 11111111. 111111 (5151. 11111111 111111. 11111111

¹ 1111111 111111 11420-γὸ 1111111 ο292ψ-300, 495- 497) 1111111111 111111
1111111 1111111111111111111 1111111111 11111111 111111 11111111111111111111111 ,
11111111 111111. 1111111111 1111111111111111111111111111111801111111
11111111111111111111111111),111111211111111111111111111111 11 11111291 ,

(11111111111111, 1111111111 1111 11111611111115 111111 11211 1111111111. 1111111 .

11111111 1111111111 11111 111111 1111 1111111111 1111111111 1111111111 1111111111 111
11111; 1111111111 11111 11 112921 ἰ’κμειον οὖρον ἵει γλαυκῶπις Ἀθήνα]
λάβρον ἐπαιγίζοντα δι’ 111-11111, 11111111111111 11111 11111111 θέουσα
1111111111· ἁλμυρόν 111111. 11111111 111111111111 11111111111111111111111
1111111111 1111 111· 11111111 1114201.) 1111 τοῖσιν 11 ἴκμενον οὖρον ἵει
γλαυκῶπις Ἀθήνη 111111 Ζέφυρον, 1111111111·Ί ἐπὶ οἴνοπα πάντα,
1111 1111111111, 1111111111, 111 11111111 1111 11111111111111111111111111111111111
1111111111, 1111111 111 Ζέφυρος 111111 11 1111 1111111 11111111111;,1111

11111 11111 1111, 111111 1111111 111 1111111111 1111111111 11111 111 11111111 Ι.

1111111111 111 11111 11111111 111, 11111111 11 111 Βορέης 1111111, 1111111111

111111111111 11111111 11 11111 11111111 (111111 1111111111 111 111 111111 111111
1111111111 1111 11111111.

 

