„71-

1111111 111 1111111111111111111 111 11111111 91191111111111 1111111
1113111911111111 11111111111111111 1111111911 11111111111111 111111.
11111191 11111111111111 1111 111 11111111 1111 1111 11111911 111111
1111111111 111 11111 111111 11 111119111 1111111 11 11111 111 11111
11111911111 111 911111 111 9111111 1111911111 1. 111111 11111 11111
, 1111111111 11 111119111111 1111111119 1111 111 11111111 911111 11111
111 11111111 11191111911 1111111 111 111 111111111111111111111
1111 1111111111 11111111 11111 1111 11 1111111 111 1111111111
111 (1111111911 11111111 11111111 11111 1111111111 1119111 111 11111111
111 1111111111113111111111111111 1111111 1111111111, 1111111 111111
111 11111111 11111191111111 1111111 111911, 11111111111111
111111111111111111111111 11111 111111111111 mit 11161111 111111111111
1ἱ111111111111111111111 911111 (1111 1111191111111 111111.

§Bon 1111111111 111 11111111 111111 111 1511111111 111 1191111111 11111
1111 11111111111111. 111111 11111. 1111191111111 11111111 1111111 1111,
111 1111111 111111111111 111191 11111111111 1111111111 11111111911111
11111111 11111111 111111. 1111 11111111 911111111111 111 1191111111 1111
111111111111111111111 111 111 1119101 11111111111111 1111111 111111115
1111 11111911 111 111111ῖ11911111111111Ο1111111111 1111 1111111111 111
1111111111 11111111 1911111111 11111 1111 111111111 9111111111111111111).
11111 111111161111111111111111, 11 11111111 11 1111111111 1111111
111 11 111 1111111111111111111111, 1111111111111911 11111 11 111

, 1111111111 1111111111111 1111 1111111111. 11111111111 1111191191

111111 911111111111111111111111111911111111111111111111111111

’ 111111.1111111111111111111111191111111111111111111111111111

1111111911. &o 1111 1111111 111 1111111111 111911111111111111911119
[11111 11 1111111 1111 1111111 111 1111111111111111 1111 111 111111ς
111111111111111 111111111 11111 11111 11111 111 1111 1011011 1111.
111111119111111 111 ficit 11111111111, 111 11111 1111 11111111 111
1111191111 1111111111 1111 1119111111 11111111, 11111 11111 111ς
111111 1111 1111 11111 1111 111 1111 1111111 1111111111, 111 111111
1111111111111 1111 11111 91911111111111111111111111 11 1191111111111
1311111111111111111111 1111111, 1111111 1111 1111111 1111111111 1111 1111
11111111 111 9111111111111111111111911 1111111 1111111 111111111 111
11111, 11 111 111 111111111111 111 111 11111111 119111911 11
111111 1811111 911111111 1111 1111. 11111 1111111111 1141118)
1111 11111111, 1111111191 11111 11 1118111 1111111 11111111111111191

11 11. 1111111, 1111 1., 111111 a. 1. 1. 1. 111.

 

